03400800
03422500
03436690
03439000
03440000
03441000
03441440
03443000
03446000
03447687
03447894
0344894205
03450000
03451000
03451500
03453000
03453500
03455000
03455500
0345577330
03456100
03456500
03456991
03459500
03460000
03460795
03461500
03463300
03465500
03466208
03466228
03466500
03467000
03467609
03469175
03470000
03471500
03473000
03474000
03475000
03478400
03479000
03485500
03486000
03488000
03490000
03490500
03491000
03491544
03495500
03497300
03498500
03498850
034991105
03500000
03500240
03503000
03504000
03505550
03508050
03509000
03510577
03512000
03513000
0351706800
03518500
03524000
03526000
03527000
03527220
03528000
03529500
03531500
03532000
03535000
035351830
03535400
03539600
03539778
03539800
03540500
03543500
03544947
03544970
03548500
03550000
03550500
03558000
03559500
03560500
03563000
03564500
03565500
03566000
03566420
03566525
03567500
03568933
03570835
03571000
03572110
03572900
03574500
0357479650
03575100
03575830
03576250
03576500
03578000
03578500
03582000
03584020
03584600
03586500
03588500
03591800
03592000
03592500
03592718
03593800
03596000
03597210
03597590
03597860
03599450
03601630
03601990
03602500
03604000
03606500